# cu 	 al 	 meanFluxRatio 	 sigma 	 alt_meanFluxRatio 	 alt_sigma
0	0	0.941728	0.581423	0.77652	0.700593
0	1	0.926636	0.548543	0.77411	0.688036
0	2	0.918586	0.518347	0.778333	0.668802
0	3	0.909026	0.489814	0.783249	0.667282
0	4	0.893922	0.462888	0.776988	0.646032
0	5	0.884144	0.438858	0.778542	0.635771
0	6	0.877224	0.417896	0.780482	0.624063
0	7	0.868847	0.39656	0.781672	0.616522
0	8	0.856545	0.377308	0.775264	0.602964
0	9	0.849523	0.360086	0.774122	0.586836
0	10	0.846605	0.341557	0.779776	0.587066
1	0	0.92958	0.515123	0.792509	0.689105
1	1	0.914585	0.483794	0.791837	0.66963
1	2	0.905993	0.459137	0.793843	0.65944
1	3	0.897696	0.434194	0.796032	0.648591
1	4	0.890637	0.412289	0.797056	0.639481
1	5	0.882223	0.39328	0.796396	0.620005
1	6	0.869638	0.369374	0.793044	0.605512
1	7	0.85993	0.348631	0.789103	0.602607
1	8	0.85817	0.332063	0.794652	0.594401
1	9	0.853638	0.319991	0.79383	0.584219
1	10	0.845242	0.303599	0.79156	0.571546
2	0	0.910306	0.449037	0.80103	0.665939
2	1	0.903275	0.425309	0.804241	0.657849
2	2	0.89396	0.401634	0.803594	0.641305
2	3	0.890891	0.385856	0.808629	0.631957
2	4	0.881984	0.360686	0.807266	0.619751
2	5	0.877473	0.34447	0.80987	0.61298
2	6	0.868823	0.324551	0.80836	0.599712
2	7	0.857978	0.308412	0.801014	0.582911
2	8	0.857883	0.295457	0.807756	0.575546
2	9	0.851962	0.280969	0.805035	0.571415
2	10	0.841863	0.26434	0.799662	0.560774
3	0	0.906683	0.399925	0.818366	0.654303
3	1	0.898859	0.373853	0.820778	0.649021
3	2	0.891393	0.356734	0.81956	0.62943
3	3	0.884218	0.336699	0.818465	0.621375
3	4	0.878522	0.318933	0.820608	0.606477
3	5	0.874409	0.302814	0.821838	0.604538
3	6	0.868131	0.288334	0.819356	0.590616
3	7	0.861035	0.271862	0.817038	0.573531
3	8	0.856902	0.258441	0.818238	0.570861
3	9	0.850556	0.244785	0.814853	0.561237
3	10	0.849591	0.23261	0.817297	0.558856
4	0	0.899794	0.348295	0.831895	0.653155
4	1	0.893173	0.33136	0.831701	0.629943
4	2	0.888768	0.314348	0.832968	0.621092
4	3	0.882065	0.297228	0.831376	0.620292
4	4	0.877157	0.279278	0.832111	0.604626
4	5	0.874778	0.265895	0.83408	0.589387
4	6	0.867888	0.251704	0.830922	0.585825
4	7	0.864294	0.239584	0.831241	0.581573
4	8	0.86117	0.227453	0.831474	0.564479
4	9	0.854832	0.213115	0.828824	0.55884
4	10	0.84971	0.201905	0.825528	0.550621
5	0	0.895833	0.306769	0.842675	0.641405
5	1	0.893208	0.290564	0.845905	0.62849
5	2	0.885517	0.274617	0.842793	0.618582
5	3	0.88061	0.259613	0.841589	0.606056
5	4	0.876681	0.246902	0.841819	0.603513
5	5	0.871327	0.233384	0.840613	0.588947
5	6	0.874098	0.222795	0.848025	0.580966
5	7	0.865688	0.209537	0.841188	0.578572
5	8	0.863751	0.198843	0.842243	0.564369
5	9	0.860631	0.187664	0.841546	0.563162
5	10	0.856009	0.177021	0.8392	0.553866
6	0	0.896107	0.267917	0.857626	0.642106
6	1	0.889283	0.254177	0.854445	0.622436
6	2	0.883245	0.240682	0.851272	0.613525
6	3	0.881005	0.229228	0.851232	0.600595
6	4	0.878695	0.216176	0.853092	0.602696
6	5	0.876792	0.20398	0.854523	0.59617
6	6	0.871954	0.193326	0.851984	0.578386
6	7	0.873503	0.183528	0.857432	0.578558
6	8	0.866682	0.17253	0.851138	0.568009
6	9	0.864462	0.164419	0.851278	0.562319
6	10	0.862975	0.155622	0.850864	0.554233
7	0	0.894606	0.236737	0.865617	0.638245
7	1	0.891058	0.224209	0.865101	0.626917
7	2	0.886391	0.211872	0.863879	0.617555
7	3	0.883174	0.200456	0.863892	0.606413
7	4	0.883042	0.190201	0.865519	0.607321
7	5	0.879971	0.179622	0.86436	0.598324
7	6	0.87927	0.17011	0.866312	0.591767
7	7	0.873445	0.160397	0.861211	0.577961
7	8	0.873575	0.152192	0.863677	0.573919
7	9	0.870044	0.145012	0.861854	0.564277
7	10	0.871524	0.136536	0.864949	0.562337
8	0	0.896857	0.209388	0.876516	0.628478
8	1	0.892085	0.19797	0.874323	0.631922
8	2	0.889667	0.187379	0.874486	0.619475
8	3	0.889435	0.176645	0.876913	0.622443
8	4	0.887671	0.166931	0.875741	0.605771
8	5	0.884169	0.158391	0.873546	0.597089
8	6	0.883251	0.149024	0.875446	0.600849
8	7	0.882238	0.141379	0.875471	0.587036
8	8	0.880064	0.134592	0.874378	0.57736
8	9	0.8809	0.127585	0.876865	0.580052
8	10	0.878767	0.121121	0.8756	0.569344
9	0	0.898883	0.18304	0.886616	0.648869
9	1	0.897782	0.173809	0.886454	0.636157
9	2	0.895413	0.164372	0.884975	0.628985
9	3	0.894912	0.156645	0.886942	0.622324
9	4	0.892787	0.148212	0.885629	0.615498
9	5	0.890858	0.140939	0.885501	0.609265
9	6	0.891405	0.132789	0.887357	0.601104
9	7	0.891292	0.125256	0.888766	0.59429
9	8	0.888362	0.120311	0.88664	0.584742
9	9	0.888612	0.1146	0.888105	0.576965
9	10	0.888012	0.108639	0.8881	0.576286
10	0	0.90073	0.161655	0.8923	0.646505
10	1	0.899483	0.152949	0.892909	0.639776
10	2	0.900563	0.145739	0.895352	0.639987
10	3	0.900961	0.138199	0.897848	0.62966
10	4	0.89931	0.131271	0.897524	0.631467
10	5	0.899262	0.124807	0.897887	0.617658
10	6	0.900851	0.119042	0.900338	0.612095
10	7	0.900907	0.113437	0.901526	0.602845
10	8	0.900916	0.107076	0.902744	0.604719
10	9	0.898821	0.102527	0.90148	0.600952
10	10	0.901861	0.0963103	0.904522	0.59196
